Wind Farm 1	 AEP = 512.1745207214356
50,50
50,850
50,1650
50,2450
50,3250
50,3650
400,250
400,650
400,1450
400,2250
400,3450
400,3850
800,450
800,1650
800,2450
800,3250
1200,250
1200,2250
1200,3050
1200,3850
1600,50
1600,1250
1600,2050
1600,3650
2000,250
2000,1050
2000,1850
2000,2650
2000,3450
2400,50
2400,1250
2400,3250
2800,250
2800,650
2800,1450
2800,2250
2800,3050
2800,3850
3200,50
3200,450
3200,1250
3200,3250
3200,3650
3600,250
3600,1450
3600,1850
3600,2250
3600,2650
3600,3450
3600,3850
Wind Farm 2	 AEP = 512.1284056091308
50,450
50,850
50,1650
50,2050
50,2450
50,2850
50,3250
50,3650
400,250
400,650
400,1450
400,3850
800,50
800,1650
800,2450
800,3250
1200,250
1200,1050
1200,2250
1200,3050
1200,3850
1600,50
1600,1250
1600,2050
1600,3650
2000,250
2000,1050
2000,1850
2000,2650
2000,3450
2400,50
2400,1250
2400,2050
2400,3250
2800,650
2800,1450
2800,2250
2800,3050
2800,3850
3200,50
3200,450
3200,1250
3200,2450
3200,3250
3200,3650
3600,250
3600,1050
3600,1850
3600,2650
3600,3850
Wind Farm 3	 AEP = 512.1183137512207
50,50
50,450
50,850
50,1650
50,2050
50,2450
50,2850
50,3250
50,3650
400,650
400,1450
400,2250
400,3850
800,50
800,450
800,2050
800,3250
1200,250
1200,3050
1200,3850
1600,50
1600,1250
1600,2050
1600,3650
2000,250
2000,1050
2000,1850
2000,2650
2000,3850
2400,50
2400,1250
2400,3250
2800,250
2800,650
2800,1450
2800,2250
2800,3850
3200,50
3200,1250
3200,2450
3200,3250
3200,3650
3600,250
3600,1050
3600,1450
3600,1850
3600,2250
3600,2650
3600,3450
3600,3850
Wind Farm 4	 AEP = 511.97432098388674
50,50
50,850
50,1650
50,2450
50,2850
50,3650
400,250
400,650
400,1450
400,2250
400,3450
400,3850
800,50
800,450
800,1650
800,2450
800,3250
1200,250
1200,2250
1200,3050
1200,3850
1600,50
1600,1250
1600,2050
1600,3650
2000,250
2000,1050
2000,1850
2000,2650
2000,3450
2400,50
2400,1250
2400,2050
2400,3250
2800,650
2800,1450
2800,2250
2800,3050
2800,3850
3200,50
3200,450
3200,1250
3200,2450
3200,3250
3200,3650
3600,250
3600,1050
3600,1450
3600,2650
3600,3450
Wind Farm 5	 AEP = 511.9338198852539
50,50
50,850
50,1650
50,2050
50,2850
50,3250
50,3650
400,650
400,1450
400,2250
400,3450
400,3850
800,50
800,450
800,1650
800,2050
800,2450
800,3250
1200,250
1200,1050
1200,3050
1200,3850
1600,50
1600,2050
1600,3650
2000,250
2000,1050
2000,1850
2000,2650
2000,3450
2000,3850
2400,50
2400,1250
2400,2050
2400,3250
2800,250
2800,2250
2800,3050
2800,3850
3200,50
3200,1250
3200,2450
3200,3650
3600,250
3600,1050
3600,1850
3600,2250
3600,3050
3600,3450
3600,3850
Wind Farm 6	 AEP = 511.88001892089846
50,50
50,850
50,1650
50,2050
50,2450
50,2850
50,3250
50,3650
400,650
400,1450
400,3450
400,3850
800,50
800,450
800,1650
800,2050
800,2450
1200,250
1200,1050
1200,3050
1200,3850
1600,50
1600,1250
1600,2050
1600,3650
2000,250
2000,1050
2000,1850
2000,2650
2000,3450
2400,50
2400,2050
2400,3250
2800,250
2800,650
2800,1450
2800,2250
2800,3050
2800,3850
3200,450
3200,1250
3200,3650
3600,250
3600,1050
3600,1450
3600,1850
3600,2250
3600,2650
3600,3450
3600,3850
Wind Farm 7	 AEP = 511.86591705322263
50,50
50,850
50,1650
50,2450
50,2850
50,3650
400,650
400,1450
400,2250
400,3450
400,3850
800,50
800,450
800,1650
800,2450
800,3250
1200,250
1200,2250
1200,3850
1600,50
1600,2050
1600,3650
2000,250
2000,1050
2000,1850
2000,2650
2000,3850
2400,50
2400,1250
2400,2050
2400,3250
2800,650
2800,1450
2800,2250
2800,3050
2800,3850
3200,50
3200,450
3200,1250
3200,2050
3200,2450
3200,3250
3200,3650
3600,250
3600,1050
3600,1450
3600,2250
3600,2650
3600,3450
3600,3850
Wind Farm 8	 AEP = 511.831965637207
50,50
50,450
50,850
50,1650
50,2450
50,2850
50,3250
50,3650
400,250
400,650
400,1450
400,2250
400,3850
800,450
800,1650
800,2450
800,3250
1200,250
1200,2250
1200,3050
1200,3850
1600,50
1600,1250
1600,2050
1600,3650
2000,250
2000,1050
2000,1850
2000,2650
2000,3450
2000,3850
2400,1250
2400,3250
2800,250
2800,650
2800,1450
2800,2250
2800,3050
2800,3850
3200,50
3200,450
3200,1250
3200,3250
3200,3650
3600,250
3600,1450
3600,1850
3600,2650
3600,3450
3600,3850
Wind Farm 9	 AEP = 511.7833776855469
50,50
50,450
50,850
50,1650
50,2050
50,2450
50,2850
50,3250
50,3650
400,650
400,1450
400,2250
400,3850
800,50
800,450
800,1650
800,2450
800,3250
1200,250
1200,1050
1200,2250
1200,3050
1200,3850
1600,50
1600,2050
1600,3650
2000,1050
2000,1850
2000,2650
2000,3450
2000,3850
2400,1250
2400,2050
2400,3250
2800,250
2800,650
2800,3050
2800,3850
3200,50
3200,450
3200,1250
3200,2450
3200,3650
3600,250
3600,1050
3600,1850
3600,2250
3600,2650
3600,3450
3600,3850
Wind Farm 10	 AEP = 511.7646643066406
50,50
50,450
50,850
50,1650
50,2050
50,2450
50,2850
50,3250
50,3650
400,650
400,1450
400,2250
400,3450
400,3850
800,450
800,2450
800,3250
1200,250
1200,1050
1200,3050
1200,3850
1600,50
1600,2050
1600,3650
2000,250
2000,1050
2000,2650
2000,3450
2000,3850
2400,50
2400,1250
2400,2050
2400,3250
2800,250
2800,650
2800,1450
2800,2250
2800,3050
2800,3850
3200,450
3200,1250
3200,2050
3200,3250
3200,3650
3600,250
3600,1050
3600,1850
3600,2650
3600,3450
3600,3850
Wind Farm 11	 AEP = 511.744981842041
50,50
50,450
50,850
50,1650
50,2450
50,2850
50,3250
50,3650
400,650
400,1450
400,2250
400,3850
800,50
800,450
800,1650
800,2450
800,3250
1200,250
1200,1050
1200,2250
1200,3850
1600,50
1600,2050
1600,3650
2000,1050
2000,1850
2000,2650
2000,3450
2400,50
2400,1250
2400,2050
2400,3250
2400,3650
2800,250
2800,650
2800,1450
2800,2250
2800,3050
2800,3850
3200,50
3200,450
3200,1250
3200,2050
3200,3650
3600,250
3600,1450
3600,2250
3600,2650
3600,3450
3600,3850
Wind Farm 12	 AEP = 511.6390507507324
50,50
50,450
50,850
50,1650
50,2050
50,2450
50,2850
50,3250
50,3650
400,650
400,1450
400,2250
400,3850
800,50
800,450
800,1650
800,2450
800,3250
1200,250
1200,1050
1200,3050
1200,3850
1600,50
1600,1250
1600,3650
2000,250
2000,1050
2000,1850
2000,2650
2000,3450
2000,3850
2400,50
2400,1250
2400,2050
2400,3250
2800,250
2800,1450
2800,3050
2800,3850
3200,450
3200,1250
3200,2450
3200,3250
3600,250
3600,1050
3600,1450
3600,1850
3600,2650
3600,3450
3600,3850
Wind Farm 13	 AEP = 511.57004516601563
50,50
50,450
50,850
50,2050
50,2850
50,3250
50,3650
400,1450
400,2250
400,3450
400,3850
800,50
800,450
800,1650
800,2450
800,3250
1200,250
1200,1050
1200,2250
1200,3050
1200,3850
1600,50
1600,2050
1600,3650
2000,250
2000,1050
2000,1850
2000,2650
2000,3450
2000,3850
2400,50
2400,2050
2400,3250
2800,250
2800,650
2800,1450
2800,2250
2800,3050
2800,3850
3200,50
3200,1250
3200,2050
3200,3250
3200,3650
3600,250
3600,1050
3600,1850
3600,2250
3600,3450
3600,3850
Wind Farm 14	 AEP = 511.5402374267578
50,50
50,450
50,850
50,1650
50,2050
50,2450
50,3250
50,3650
400,650
400,1450
400,2250
400,3450
400,3850
800,50
800,450
800,1650
800,2450
800,3250
1200,250
1200,2250
1200,3050
1200,3850
1600,50
1600,2050
1600,3650
2000,250
2000,1050
2000,2650
2000,3450
2000,3850
2400,50
2400,1250
2400,2050
2400,3250
2800,250
2800,650
2800,1450
2800,2250
2800,3050
2800,3850
3200,450
3200,1250
3200,2050
3200,3250
3200,3650
3600,250
3600,1050
3600,1850
3600,2650
3600,3450
Wind Farm 15	 AEP = 511.5291430664063
50,50
50,450
50,850
50,1650
50,2050
50,2450
50,2850
50,3250
50,3650
400,1450
400,250
400,3850
800,50
800,450
800,1650
800,2450
800,3250
1200,250
1200,2250
1200,3050
1200,3850
1600,50
1600,1250
1600,2050
1600,3650
2000,250
2000,1050
2000,1850
2000,2650
2000,3450
2000,3850
2400,50
2400,1250
2400,2050
2400,3250
2800,250
2800,2250
2800,3050
2800,3850
3200,50
3200,450
3200,1250
3200,2450
3200,3250
3200,3650
3600,1050
3600,1850
3600,2650
3600,3450
3600,3850
Wind Farm 16	 AEP = 511.50411392211913
50,50
50,450
50,850
50,1650
50,2050
50,2450
50,2850
50,3250
50,3650
400,650
400,3450
400,3850
800,450
800,1650
800,2050
800,3250
1200,250
1200,1050
1200,3050
1200,3850
1600,50
1600,1250
1600,2050
1600,3650
2000,250
2000,1050
2000,1850
2000,2650
2000,3450
2000,3850
2400,50
2400,2050
2400,3250
2800,650
2800,1450
2800,2250
2800,3050
2800,3850
3200,50
3200,1250
3200,2450
3200,3250
3200,3650
3600,250
3600,1050
3600,1450
3600,1850
3600,2250
3600,2650
3600,3450
Wind Farm 17	 AEP = 511.49783157348634
50,50
50,450
50,850
50,1650
50,2050
50,2450
50,2850
50,3650
400,650
400,1450
400,2250
400,3450
400,3850
800,50
800,850
800,2450
800,3250
1200,250
1200,2250
1200,3050
1200,3850
1600,2050
1600,3650
2000,250
2000,1050
2000,1850
2000,2650
2000,3450
2000,3850
2400,50
2400,2050
2400,3650
2800,250
2800,650
2800,1450
2800,3050
2800,3850
3200,50
3200,450
3200,1250
3200,2050
3200,3250
3200,3650
3600,250
3600,1050
3600,1450
3600,1850
3600,2650
3600,3450
3600,3850
Wind Farm 18	 AEP = 511.4969627380371
50,50
50,450
50,850
50,1650
50,2050
50,2450
50,2850
50,3250
50,3650
400,650
400,1450
400,3450
400,3850
800,50
800,450
800,1650
800,2450
1200,250
1200,2250
1200,3050
1200,3850
1600,50
1600,1250
1600,2050
1600,3650
2000,250
2000,1050
2000,1850
2000,2650
2000,3850
2400,50
2400,1250
2400,2050
2400,3250
2800,250
2800,650
2800,1450
2800,2250
2800,3050
2800,3850
3200,50
3200,450
3200,2450
3600,250
3600,1050
3600,1450
3600,1850
3600,3050
3600,3450
3600,3850
Wind Farm 19	 AEP = 511.48730529785155
50,50
50,450
50,850
50,1650
50,2050
50,2450
50,2850
50,3250
50,3650
400,650
400,1450
400,2250
400,3450
400,3850
800,450
800,1650
800,2450
800,3250
1200,250
1200,1050
1200,2250
1200,3850
1600,50
1600,2050
1600,3650
2000,250
2000,1050
2000,1850
2000,2650
2000,3450
2400,50
2400,1250
2400,3250
2800,250
2800,650
2800,2250
2800,3050
2800,3850
3200,450
3200,1250
3200,2050
3200,3250
3200,3650
3600,250
3600,1050
3600,1450
3600,2250
3600,2650
3600,3450
3600,3850
Wind Farm 20	 AEP = 511.4799201965332
50,50
50,850
50,1650
50,2050
50,2450
50,2850
50,3250
50,3650
400,650
400,1450
400,3850
800,450
800,1650
800,2050
800,3250
1200,250
1200,1050
1200,2250
1200,3050
1200,3850
1600,50
1600,1250
1600,2050
1600,3650
2000,1050
2000,1850
2000,2650
2000,3450
2000,3850
2400,50
2400,1250
2400,2050
2400,3250
2800,250
2800,650
2800,1450
2800,3050
2800,3850
3200,50
3200,450
3200,1250
3200,2450
3200,3250
3200,3650
3600,250
3600,1050
3600,1850
3600,2650
3600,3450
3600,3850
Wind Farm 21	 AEP = 511.44433135986327
50,50
50,450
50,850
50,1650
50,2050
50,2450
50,3250
50,3650
400,650
400,1450
400,2250
400,3850
800,50
800,450
800,1650
800,3250
1200,250
1200,1050
1200,2250
1200,3050
1200,3850
1600,50
1600,1250
1600,2050
1600,3650
2000,250
2000,1050
2000,1850
2000,2650
2000,3450
2000,3850
2400,50
2400,1250
2400,2050
2400,3650
2800,250
2800,1450
2800,3050
2800,3850
3200,50
3200,450
3200,1250
3200,2050
3200,3250
3600,250
3600,1050
3600,2250
3600,2650
3600,3450
3600,3850
Wind Farm 22	 AEP = 511.44222610473633
50,50
50,450
50,850
50,1650
50,2050
50,2450
50,2850
50,3250
50,3650
400,650
400,1450
400,3850
800,50
800,450
800,850
800,1650
800,2050
800,2450
800,3250
1200,250
1200,3050
1200,3850
1600,50
1600,1250
1600,2050
2000,1050
2000,1850
2000,2650
2000,3450
2000,3850
2400,50
2400,3250
2400,3650
2800,650
2800,1450
2800,2250
2800,3050
2800,3850
3200,50
3200,450
3200,1250
3200,2050
3200,3650
3600,250
3600,1050
3600,1450
3600,1850
3600,2250
3600,3050
3600,3850
Wind Farm 23	 AEP = 511.43510833740237
50,50
50,850
50,1650
50,2050
50,2850
50,3250
50,3650
400,650
400,1450
400,2250
400,3450
800,50
800,450
800,1650
800,2450
800,3250
1200,250
1200,2250
1200,3050
1200,3850
1600,50
1600,2050
1600,3650
2000,250
2000,1850
2000,2650
2000,3450
2000,3850
2400,50
2400,1250
2400,2050
2400,3250
2800,250
2800,1450
2800,2250
2800,3050
2800,3850
3200,50
3200,450
3200,2050
3200,2450
3200,3650
3600,250
3600,1050
3600,1450
3600,1850
3600,2250
3600,2650
3600,3450
3600,3850
Wind Farm 24	 AEP = 511.42916015625
50,50
50,450
50,850
50,1650
50,2050
50,2450
50,2850
50,3650
400,650
400,1450
400,3450
400,3850
800,450
800,850
800,1650
800,2050
800,2450
800,3250
1200,250
1200,1050
1200,2250
1200,3050
1200,3850
1600,50
1600,1250
1600,3650
2000,1850
2000,2650
2000,3450
2000,3850
2400,50
2400,3250
2800,650
2800,1450
2800,2250
2800,3050
2800,3850
3200,50
3200,450
3200,1250
3200,2050
3200,2450
3200,3650
3600,250
3600,1050
3600,1850
3600,2250
3600,2650
3600,3450
3600,3850
Wind Farm 25	 AEP = 511.4032955932617
50,50
50,450
50,1650
50,2050
50,2450
50,3250
50,3650
400,650
400,1450
400,2250
400,3450
400,3850
800,50
800,450
800,1650
800,2450
800,3250
1200,1050
1200,2250
1200,3050
1200,3850
1600,50
1600,2050
1600,3650
2000,250
2000,1050
2000,1850
2000,2650
2000,3450
2400,50
2400,2050
2400,3250
2800,250
2800,650
2800,1450
2800,3050
2800,3850
3200,50
3200,1250
3200,2050
3200,2450
3200,3250
3200,3650
3600,250
3600,1050
3600,1450
3600,1850
3600,2650
3600,3450
3600,3850
Wind Farm 26	 AEP = 511.40222625732423
50,50
50,850
50,1650
50,2450
50,2850
50,3650
400,650
400,1450
400,2250
400,3450
400,3850
800,50
800,450
800,1650
800,3250
1200,250
1200,3050
1200,3850
1600,50
1600,1250
1600,2050
1600,3650
2000,250
2000,1050
2000,2650
2000,3450
2000,3850
2400,50
2400,2050
2400,3250
2400,3650
2800,250
2800,650
2800,1450
2800,2250
2800,3050
2800,3850
3200,50
3200,450
3200,1250
3200,2450
3200,3250
3200,3650
3600,250
3600,1050
3600,1450
3600,1850
3600,2250
3600,3450
3600,3850
Wind Farm 27	 AEP = 511.39089797973634
50,50
50,450
50,850
50,1650
50,2050
50,2450
50,2850
50,3250
50,3650
400,650
400,1450
400,2250
400,3450
400,3850
800,50
800,450
800,1650
800,2450
800,3250
1200,250
1200,2250
1200,3850
1600,50
1600,2050
1600,3650
2000,1050
2000,1850
2000,2650
2000,3850
2400,50
2400,2050
2400,3250
2800,650
2800,2250
2800,3050
2800,3850
3200,50
3200,450
3200,1250
3200,2050
3200,2450
3200,3250
3200,3650
3600,250
3600,1050
3600,1850
3600,2250
3600,2650
3600,3450
3600,3850
Wind Farm 28	 AEP = 511.3901628112793
50,50
50,850
50,1650
50,2450
50,2850
50,3650
400,650
400,1450
400,2250
400,3450
400,3850
800,50
800,450
800,1650
800,2050
800,2450
800,3250
1200,250
1200,2250
1200,3050
1200,3850
1600,50
1600,1250
1600,2050
1600,3650
2000,250
2000,1050
2000,1850
2000,2650
2000,3450
2400,50
2400,1250
2400,2050
2400,3250
2800,250
2800,650
2800,1450
2800,3050
2800,3850
3200,50
3200,450
3200,1250
3200,2450
3200,3650
3600,250
3600,1450
3600,1850
3600,2250
3600,3050
3600,3850
Wind Farm 29	 AEP = 511.3433459472656
50,50
50,450
50,850
50,1650
50,2050
50,2450
50,2850
50,3650
400,650
400,1450
400,2250
400,3450
400,3850
800,450
800,1650
800,2450
800,3250
1200,250
1200,1050
1200,2250
1200,3050
1200,3850
1600,50
1600,1250
1600,2050
1600,3650
2000,250
2000,1050
2000,1850
2000,3450
2000,3850
2400,50
2400,1250
2400,2050
2800,250
2800,2250
2800,3050
2800,3850
3200,450
3200,1250
3200,2450
3200,3250
3200,3650
3600,250
3600,1050
3600,1450
3600,1850
3600,2650
3600,3450
3600,3850
Wind Farm 30	 AEP = 511.3388681030273
50,50
50,850
50,1650
50,2050
50,2850
50,3250
50,3650
400,650
400,1450
400,2250
400,3450
400,3850
800,50
800,450
800,1650
800,2450
800,3250
1200,250
1200,1050
1200,3850
1600,50
1600,1250
1600,2050
1600,3650
2000,250
2000,650
2000,1850
2000,2650
2000,3450
2000,3850
2400,50
2400,1250
2400,2050
2400,3250
2400,3650
2800,250
2800,650
2800,1450
2800,2250
2800,3850
3200,450
3200,1250
3200,2050
3200,3650
3600,250
3600,1050
3600,1850
3600,2650
3600,3450
3600,3850
Wind Farm 31	 AEP = 511.3344236755371
50,50
50,850
50,1650
50,2050
50,2850
50,3250
50,3650
400,650
400,2250
400,3450
400,3850
800,50
800,450
800,1650
800,2050
800,2450
1200,250
1200,1050
1200,2250
1200,3050
1200,3850
1600,50
1600,2050
2000,250
2000,1050
2000,1850
2000,2650
2000,3450
2000,3850
2400,50
2400,1250
2400,2050
2400,3250
2400,3650
2800,650
2800,1450
2800,3050
2800,3850
3200,50
3200,450
3200,1250
3200,2450
3200,3650
3600,250
3600,1050
3600,1850
3600,2250
3600,2650
3600,3450
3600,3850
Wind Farm 32	 AEP = 511.3332875061035
50,50
50,450
50,850
50,2050
50,2450
50,3250
50,3650
400,650
400,1450
400,2250
400,3450
400,3850
800,50
800,450
800,1650
800,2450
800,3250
1200,250
1200,1050
1200,2250
1200,3050
1200,3850
1600,50
1600,2050
1600,3650
2000,250
2000,1850
2000,2650
2000,3450
2000,3850
2400,50
2400,2050
2400,3250
2800,250
2800,1450
2800,2250
2800,3050
2800,3850
3200,50
3200,450
3200,1250
3200,2050
3200,2450
3200,3250
3200,3650
3600,250
3600,1050
3600,1850
3600,2650
3600,3450
Wind Farm 33	 AEP = 511.3221597290039
50,50
50,450
50,850
50,1650
50,2050
50,2450
50,2850
50,3250
50,3650
400,250
400,1450
400,3450
400,3850
800,50
800,450
800,2450
800,3250
1200,1050
1200,2250
1200,3050
1200,3850
1600,2050
1600,3650
2000,250
2000,650
2000,1850
2000,2650
2000,3450
2000,3850
2400,50
2400,1250
2400,2050
2400,3650
2800,650
2800,1450
2800,3050
2800,3850
3200,50
3200,450
3200,1250
3200,2050
3200,2450
3200,3250
3200,3650
3600,250
3600,1050
3600,1850
3600,2650
3600,3450
3600,3850
Wind Farm 34	 AEP = 511.3046827697754
50,50
50,850
50,1650
50,2050
50,2850
50,3250
50,3650
400,650
400,1450
400,2250
400,3450
400,3850
800,50
800,450
800,1650
800,2450
800,3250
1200,250
1200,1050
1200,3050
1200,3850
1600,50
1600,2050
1600,3650
2000,250
2000,1050
2000,1850
2000,2650
2000,3450
2400,50
2400,1250
2400,3250
2800,250
2800,650
2800,1450
2800,2250
2800,3050
2800,3850
3200,450
3200,1250
3200,2050
3200,2450
3200,3250
3600,250
3600,1050
3600,1450
3600,2250
3600,2650
3600,3450
3600,3850
Wind Farm 35	 AEP = 511.29973709106446
50,450
50,850
50,1650
50,2050
50,2450
50,2850
50,3250
50,3650
400,650
400,1450
400,2250
400,3450
400,3850
800,50
800,450
800,2050
800,2450
800,3250
1200,250
1200,1050
1200,3850
1600,50
1600,2050
1600,3650
2000,250
2000,1050
2000,1850
2000,2650
2000,3450
2000,3850
2400,50
2400,1250
2400,3250
2800,650
2800,1450
2800,3050
2800,3850
3200,50
3200,450
3200,1250
3200,2050
3200,3250
3200,3650
3600,250
3600,1050
3600,1850
3600,2250
3600,2650
3600,3450
3600,3850
Wind Farm 36	 AEP = 511.2846661376953
50,50
50,850
50,1650
50,2050
50,2450
50,2850
50,3250
50,3650
400,650
400,1450
400,2250
400,3450
400,3850
800,50
800,450
800,1650
800,2450
1200,250
1200,2250
1200,3050
1200,3850
1600,50
1600,3650
2000,250
2000,1050
2000,1850
2000,2650
2000,3450
2000,3850
2400,50
2400,1250
2400,2050
2400,3250
2800,650
2800,1450
2800,3050
2800,3850
3200,50
3200,450
3200,2050
3200,2450
3200,3250
3200,3650
3600,250
3600,1050
3600,1450
3600,2250
3600,2650
3600,3450
3600,3850
Wind Farm 37	 AEP = 511.2800212097168
50,50
50,450
50,850
50,1650
50,2050
50,2450
50,3250
50,3650
400,650
400,1450
400,3450
400,3850
800,50
800,450
800,1650
800,2050
800,3250
1200,250
1200,3050
1200,3850
1600,50
1600,2050
1600,3650
2000,250
2000,1050
2000,1850
2000,2650
2000,3450
2400,50
2400,1250
2400,3250
2400,3650
2800,250
2800,650
2800,1450
2800,2250
2800,3050
2800,3850
3200,50
3200,450
3200,1250
3200,2450
3200,3250
3200,3650
3600,250
3600,1050
3600,1850
3600,2650
3600,3050
3600,3850
Wind Farm 38	 AEP = 511.278016204834
50,50
50,450
50,850
50,1650
50,2050
50,2450
50,3250
50,3650
400,650
400,1450
400,2250
400,3850
800,50
800,450
800,1650
800,2050
800,3250
1200,250
1200,1050
1200,2250
1200,3050
1200,3850
1600,50
1600,1250
1600,2050
1600,3650
2000,250
2000,1050
2000,1850
2000,2650
2000,3450
2400,50
2400,3650
2800,250
2800,2250
2800,3850
3200,50
3200,450
3200,1250
3200,2050
3200,2450
3200,3250
3200,3650
3600,250
3600,1050
3600,1450
3600,1850
3600,2650
3600,3450
3600,3850
Wind Farm 39	 AEP = 511.26722259521483
50,50
50,450
50,850
50,1650
50,2050
50,2450
50,2850
50,3650
400,650
400,1450
400,2250
400,3450
400,3850
800,50
800,450
800,1650
800,2050
800,2450
800,3250
1200,1050
1200,3050
1200,3850
1600,50
1600,1250
1600,2050
1600,3650
2000,250
2000,1050
2000,1850
2000,2650
2000,3450
2400,50
2400,2050
2400,3250
2800,250
2800,650
2800,1450
2800,2250
2800,3050
2800,3850
3200,450
3200,1250
3200,2450
3200,3650
3600,250
3600,1050
3600,1450
3600,1850
3600,2650
3600,3450
Wind Farm 40	 AEP = 511.257364654541
50,50
50,450
50,850
50,2050
50,2450
50,3650
400,650
400,1450
400,2250
400,3450
400,3850
800,50
800,850
800,2050
800,2450
800,3250
1200,250
1200,1050
1200,2250
1200,3050
1200,3850
1600,50
1600,1250
1600,2050
1600,3650
2000,250
2000,1050
2000,1850
2000,2650
2000,3450
2000,3850
2400,50
2400,3250
2800,650
2800,1450
2800,3050
2800,3850
3200,50
3200,450
3200,1250
3200,2050
3200,2450
3200,3250
3600,250
3600,1050
3600,1450
3600,1850
3600,2650
3600,3450
3600,3850
Wind Farm 41	 AEP = 511.2432962036133
50,50
50,850
50,1650
50,2050
50,2450
50,2850
50,3250
50,3650
400,650
400,1450
400,2250
400,3850
800,50
800,450
800,1650
800,2450
800,3250
1200,2250
1200,3050
1200,3850
1600,50
1600,1250
1600,2050
1600,3650
2000,250
2000,1050
2000,1850
2000,2650
2000,3450
2400,50
2400,1250
2400,2050
2800,250
2800,650
2800,1450
2800,3050
2800,3850
3200,50
3200,1250
3200,2050
3200,2450
3200,3250
3200,3650
3600,250
3600,1050
3600,1450
3600,2250
3600,2650
3600,3450
3600,3850
Wind Farm 42	 AEP = 511.24222686767575
50,50
50,850
50,1650
50,2450
50,2850
50,3250
400,650
400,1450
400,2250
400,3450
400,3850
800,50
800,450
800,2450
800,3250
1200,250
1200,1050
1200,2250
1200,3050
1200,3850
1600,50
1600,1250
1600,2050
1600,3650
2000,250
2000,1050
2000,1850
2000,2650
2000,3450
2000,3850
2400,50
2400,1250
2400,2050
2400,3250
2800,250
2800,650
2800,1450
2800,3850
3200,450
3200,1250
3200,3250
3200,3650
3600,250
3600,1050
3600,1850
3600,2250
3600,2650
3600,3050
3600,3450
3600,3850
Wind Farm 43	 AEP = 511.23784927368166
50,50
50,450
50,850
50,1650
50,2850
50,3250
50,3650
400,650
400,1450
400,2250
400,3450
400,3850
800,50
800,450
800,1650
800,3250
1200,250
1200,2250
1200,3050
1200,3850
1600,50
1600,1250
1600,3650
2000,250
2000,1050
2000,1850
2000,2650
2000,3450
2000,3850
2400,50
2400,2050
2400,3250
2800,250
2800,650
2800,1450
2800,2250
2800,3050
2800,3850
3200,50
3200,450
3200,1250
3200,2050
3200,2450
3200,3250
3600,250
3600,1450
3600,2250
3600,2650
3600,3450
3600,3850
Wind Farm 44	 AEP = 511.22481674194336
50,50
50,450
50,850
50,1650
50,2050
50,2450
50,2850
50,3250
50,3650
400,1450
400,3450
800,50
800,450
800,2050
800,2450
800,3250
1200,250
1200,1050
1200,3050
1200,3850
1600,50
1600,2050
1600,3650
2000,250
2000,1050
2000,1850
2000,2650
2000,3450
2000,3850
2400,50
2400,1250
2400,2050
2800,250
2800,650
2800,1450
2800,2250
2800,3050
2800,3850
3200,50
3200,1250
3200,2450
3200,3250
3200,3650
3600,250
3600,1050
3600,1450
3600,1850
3600,2250
3600,3450
3600,3850
Wind Farm 45	 AEP = 511.214591217041
50,50
50,450
50,850
50,1650
50,2050
50,2850
50,3250
50,3650
400,650
400,1450
400,2250
400,3450
400,3850
800,50
800,450
800,1650
800,2050
800,3250
1200,250
1200,1050
1200,3050
1200,3850
1600,50
1600,2050
1600,3650
2000,250
2000,1050
2000,1850
2000,2650
2000,3850
2400,50
2400,1250
2400,2050
2400,3250
2800,250
2800,3050
2800,3850
3200,450
3200,1250
3200,2450
3200,3250
3200,3650
3600,250
3600,1050
3600,1450
3600,1850
3600,2250
3600,2650
3600,3450
3600,3850
Wind Farm 46	 AEP = 511.20847595214843
50,50
50,450
50,850
50,1650
50,2450
50,2850
50,3250
50,3650
400,650
400,1450
400,2250
400,3850
800,50
800,450
800,1650
800,2050
800,3250
1200,250
1200,1050
1200,3050
1200,3850
1600,50
1600,1250
1600,2050
1600,3650
2000,250
2000,1850
2000,2650
2000,3450
2000,3850
2400,50
2400,1250
2400,2050
2800,250
2800,650
2800,2250
2800,3050
2800,3850
3200,450
3200,1250
3200,2450
3200,3250
3200,3650
3600,250
3600,1050
3600,1450
3600,2250
3600,2650
3600,3450
3600,3850
Wind Farm 47	 AEP = 511.1973815917969
50,50
50,450
50,850
50,1650
50,2050
50,2450
50,2850
50,3250
50,3650
400,250
400,650
400,2250
400,3450
400,3850
800,50
800,850
800,1650
800,2450
800,3250
1200,3050
1200,3850
1600,50
1600,1250
1600,2850
2000,250
2000,1050
2000,1850
2000,2650
2000,3450
2000,3850
2400,50
2400,1650
2400,3250
2800,250
2800,650
2800,2250
2800,3050
2800,3850
3200,450
3200,1250
3200,2450
3200,3250
3200,3650
3600,250
3600,1050
3600,1450
3600,1850
3600,2650
3600,3450
3600,3850
Wind Farm 48	 AEP = 511.1925695800781
50,50
50,450
50,850
50,1650
50,2050
50,2450
50,2850
50,3250
50,3650
400,650
400,1450
400,3850
800,50
800,450
800,1650
800,2050
800,3250
1200,250
1200,1050
1200,3050
1200,3850
1600,50
1600,1250
1600,2050
2000,1050
2000,1850
2000,2650
2000,3850
2400,50
2400,1250
2400,3250
2800,250
2800,650
2800,1450
2800,2250
2800,3050
2800,3850
3200,50
3200,1250
3200,2450
3200,3250
3200,3650
3600,250
3600,1050
3600,1450
3600,1850
3600,2250
3600,2650
3600,3450
3600,3850
Wind Farm 49	 AEP = 511.19206832885743
50,50
50,450
50,850
50,1650
50,2050
50,2450
50,3250
400,650
400,1450
400,2250
400,3450
400,3850
800,50
800,1650
800,2450
800,3250
1200,250
1200,1050
1200,2250
1200,3050
1200,3850
1600,50
1600,1250
1600,2050
1600,3650
2000,250
2000,1050
2000,1850
2000,3450
2000,3850
2400,50
2400,1250
2400,2050
2400,3250
2800,250
2800,650
2800,1450
2800,3850
3200,50
3200,1250
3200,2050
3200,2450
3200,3650
3600,250
3600,1050
3600,1450
3600,1850
3600,2650
3600,3450
3600,3850
Wind Farm 50	 AEP = 511.18675506591796
50,50
50,450
50,850
50,1650
50,2050
50,2450
50,2850
50,3650
400,1450
400,2250
400,3450
400,3850
800,450
800,850
800,1650
800,2450
800,3250
1200,250
1200,2250
1200,3050
1200,3850
1600,50
1600,1250
1600,2050
1600,3650
2000,250
2000,1050
2000,1850
2000,2650
2000,3450
2000,3850
2400,50
2400,1250
2400,3250
2800,250
2800,1450
2800,3850
3200,450
3200,1250
3200,2050
3200,2450
3200,3650
3600,250
3600,1050
3600,1450
3600,2250
3600,2650
3600,3050
3600,3450
3600,3850
Wind Farm 51	 AEP = 511.1847500610352
50,50
50,450
50,850
50,1650
50,2450
50,2850
50,3250
50,3650
400,650
400,1450
400,2250
400,3450
400,3850
800,50
800,450
800,1650
800,2450
800,3250
1200,250
1200,2250
1200,3050
1200,3850
1600,50
1600,1250
1600,2050
1600,3650
2000,1050
2000,2650
2000,3850
2400,1250
2400,2050
2400,3650
2800,250
2800,650
2800,3050
2800,3850
3200,50
3200,450
3200,1250
3200,2050
3200,2450
3200,3650
3600,250
3600,1050
3600,1850
3600,2250
3600,2650
3600,3050
3600,3450
3600,3850
Wind Farm 52	 AEP = 511.17719787597656
50,50
50,450
50,850
50,1650
50,2050
50,2450
50,2850
50,3250
50,3650
400,650
400,1450
400,2250
400,3850
800,450
800,850
800,1650
800,2450
800,3250
1200,250
1200,1050
1200,3050
1200,3850
1600,1250
1600,2050
1600,3650
2000,250
2000,1050
2000,2650
2000,3450
2000,3850
2400,50
2400,3250
2800,250
2800,650
2800,1450
2800,2250
2800,3850
3200,50
3200,450
3200,1250
3200,3650
3600,250
3600,1050
3600,1450
3600,1850
3600,2250
3600,2650
3600,3050
3600,3450
3600,3850
Wind Farm 53	 AEP = 511.1540400695801
50,50
50,450
50,850
50,1650
50,2850
50,3250
50,3650
400,650
400,1450
400,2250
400,3450
800,50
800,850
800,1650
800,2050
800,2450
800,3250
1200,250
1200,3050
1200,3850
1600,50
1600,1250
1600,2050
1600,3650
2000,250
2000,1050
2000,1850
2000,2650
2000,3450
2000,3850
2400,50
2400,1250
2400,3250
2800,250
2800,3050
2800,3850
3200,50
3200,450
3200,1250
3200,2050
3200,2450
3200,3650
3600,250
3600,1050
3600,1450
3600,1850
3600,2250
3600,2650
3600,3450
3600,3850
Wind Farm 54	 AEP = 511.1451177978516
50,50
50,450
50,850
50,2050
50,2450
50,3250
400,650
400,1450
400,2250
400,3450
400,3850
800,50
800,450
800,1650
800,2450
800,3250
1200,250
1200,1050
1200,2250
1200,3050
1200,3850
1600,50
1600,1250
1600,2050
1600,3650
2000,250
2000,1050
2000,1850
2000,2650
2000,3850
2400,50
2400,3250
2800,250
2800,650
2800,2250
2800,3050
2800,3850
3200,50
3200,450
3200,2050
3200,3250
3200,3650
3600,250
3600,1050
3600,1450
3600,1850
3600,2250
3600,2650
3600,3450
3600,3850
Wind Farm 55	 AEP = 511.1194203186035
50,50
50,850
50,1250
50,1650
50,2050
50,2450
50,2850
50,3650
400,250
400,650
400,2250
400,3050
400,3850
800,50
800,450
800,2050
800,2850
800,3650
1200,250
1200,1850
1600,50
1600,1250
1600,2050
1600,3650
2000,250
2000,1050
2000,1850
2000,2650
2000,3450
2000,3850
2400,50
2400,1250
2400,2450
2800,250
2800,650
2800,1450
2800,2250
2800,3050
2800,3850
3200,50
3200,1250
3200,2050
3200,3250
3200,3650
3600,250
3600,1450
3600,1850
3600,2650
3600,3450
3600,3850
Wind Farm 56	 AEP = 511.10789154052736
50,50
50,450
50,850
50,1650
50,2050
50,2450
50,2850
50,3250
50,3650
400,250
400,1450
400,2250
400,3450
400,3850
800,50
800,450
800,1650
800,2450
800,3250
1200,2250
1200,3050
1200,3850
1600,50
1600,1250
1600,3650
2000,250
2000,1050
2000,1850
2000,2650
2000,3450
2400,1250
2400,2050
2400,3650
2800,250
2800,1450
2800,2250
2800,3050
2800,3850
3200,50
3200,450
3200,1250
3200,2450
3200,3650
3600,250
3600,1050
3600,1450
3600,1850
3600,2650
3600,3050
3600,3850
Wind Farm 57	 AEP = 511.1063543701172
50,50
50,450
50,850
50,1650
50,2050
50,2450
50,2850
50,3250
50,3650
400,650
400,1450
400,3450
800,50
800,450
800,850
800,1650
800,2450
1200,2250
1200,3050
1200,3850
1600,50
1600,1250
1600,2050
1600,3650
2000,250
2000,1850
2000,2650
2000,3450
2000,3850
2400,50
2400,2050
2400,3250
2800,250
2800,650
2800,1450
2800,2250
2800,3050
2800,3850
3200,450
3200,1250
3200,2050
3200,2450
3200,3250
3200,3650
3600,250
3600,1050
3600,1850
3600,2650
3600,3450
3600,3850
Wind Farm 58	 AEP = 511.10328002929685
50,50
50,850
50,1650
50,2050
50,2450
50,2850
50,3650
400,650
400,3450
400,3850
800,50
800,450
800,1650
800,2450
800,3250
1200,250
1200,1050
1200,2250
1200,3050
1200,3850
1600,50
1600,1250
1600,3650
2000,250
2000,1050
2000,2650
2000,3850
2400,50
2400,1250
2400,3250
2400,3650
2800,250
2800,650
2800,1450
2800,2250
2800,3050
2800,3850
3200,50
3200,450
3200,2050
3200,2450
3200,3250
3200,3650
3600,250
3600,1050
3600,1450
3600,1850
3600,2250
3600,3450
3600,3850
Wind Farm 59	 AEP = 511.10114135742185
50,50
50,450
50,850
50,1650
50,2050
50,2450
50,3250
50,3650
400,2250
400,3450
400,3850
800,50
800,450
800,1650
800,2050
800,2450
800,3250
1200,250
1200,1050
1200,2250
1200,3050
1200,3850
1600,50
1600,2050
1600,3650
2000,250
2000,1050
2000,1850
2000,2650
2000,3450
2400,50
2400,3250
2800,250
2800,1450
2800,2250
2800,3850
3200,50
3200,450
3200,1250
3200,2050
3200,2450
3200,3250
3200,3650
3600,250
3600,1050
3600,1850
3600,2650
3600,3050
3600,3450
3600,3850
Wind Farm 60	 AEP = 511.0867721557617
50,50
50,850
50,1650
50,2450
50,2850
50,3250
50,3650
400,650
400,1450
400,2250
400,3450
400,3850
800,50
800,450
800,1650
800,2450
800,3250
1200,250
1200,2250
1200,3050
1200,3850
1600,50
1600,1250
1600,2050
1600,3650
2000,1850
2000,3450
2000,3850
2400,50
2400,1250
2400,2050
2400,3250
2800,250
2800,650
2800,1450
2800,3050
2800,3850
3200,50
3200,450
3200,1250
3200,2050
3200,2450
3200,3250
3200,3650
3600,250
3600,1050
3600,2250
3600,2650
3600,3450
3600,3850
Wind Farm 61	 AEP = 511.0794873046875
50,50
50,450
50,850
50,1650
50,2050
50,2450
50,3250
50,3650
400,650
400,1450
400,2250
400,3850
800,450
800,1650
800,2450
800,3250
1200,250
1200,2250
1200,3050
1200,3850
1600,50
1600,1250
1600,3650
2000,250
2000,1050
2000,1850
2000,2650
2000,3450
2000,3850
2400,50
2400,1250
2400,2050
2400,3250
2800,250
2800,1450
2800,2250
2800,3050
2800,3850
3200,450
3200,2050
3200,3250
3200,3650
3600,250
3600,1050
3600,1450
3600,1850
3600,2250
3600,2650
3600,3450
3600,3850
Wind Farm 62	 AEP = 511.0792868041992
50,50
50,450
50,850
50,1650
50,2450
50,3250
50,3650
400,250
400,650
400,1450
400,2250
400,3450
400,3850
800,450
800,1650
800,2450
800,3250
1200,2250
1200,3050
1200,3850
1600,50
1600,1250
1600,2050
1600,3650
2000,250
2000,1050
2000,1850
2000,2650
2000,3450
2000,3850
2400,50
2400,1250
2400,3250
2800,250
2800,650
2800,1450
2800,2250
2800,3050
2800,3850
3200,450
3200,1250
3200,3250
3200,3650
3600,250
3600,1450
3600,1850
3600,2250
3600,2650
3600,3450
3600,3850
Wind Farm 63	 AEP = 511.0643829345703
50,50
50,450
50,850
50,1650
50,2050
50,2450
50,2850
50,3250
50,3650
400,650
400,1450
400,2250
400,3450
400,3850
800,50
800,450
800,1650
800,3250
1200,250
1200,1050
1200,2250
1200,3050
1200,3850
1600,50
1600,1250
1600,2050
1600,3650
2000,250
2000,1050
2000,1850
2000,2650
2000,3450
2400,1250
2400,2050
2400,3250
2800,250
2800,650
2800,3850
3200,450
3200,1250
3200,2450
3200,3650
3600,250
3600,1050
3600,1450
3600,1850
3600,2250
3600,2650
3600,3450
3600,3850
Wind Farm 64	 AEP = 511.05175140380857
50,50
50,450
50,850
50,1650
50,2050
50,2450
50,2850
50,3250
50,3650
400,650
400,2250
400,3450
400,3850
800,50
800,1650
800,2050
800,2450
800,3250
1200,250
1200,3050
1200,3850
1600,50
1600,1250
1600,2050
1600,3650
2000,250
2000,1050
2000,2650
2000,3850
2400,50
2400,1250
2400,2050
2400,3250
2800,650
2800,1450
2800,2250
2800,3050
2800,3850
3200,450
3200,1250
3200,3250
3200,3650
3600,250
3600,1050
3600,1450
3600,1850
3600,2250
3600,2650
3600,3450
3600,3850
Wind Farm 65	 AEP = 511.05101623535154
50,50
50,850
50,1650
50,2050
50,2450
50,2850
50,3250
50,3650
400,650
400,3450
800,50
800,450
800,1650
800,2050
800,2450
800,3250
1200,250
1200,2250
1200,3050
1200,3850
1600,50
1600,1250
1600,2050
1600,3650
2000,250
2000,1050
2000,1850
2000,2650
2000,3450
2000,3850
2400,50
2400,1250
2400,3250
2800,250
2800,650
2800,1450
2800,2250
2800,3050
2800,3850
3200,1250
3200,2050
3200,3650
3600,250
3600,1050
3600,1450
3600,1850
3600,2250
3600,2650
3600,3050
3600,3850
Wind Farm 66	 AEP = 511.0420939636231
50,50
50,450
50,850
50,1650
50,2050
50,2450
50,3250
50,3650
400,650
400,1450
400,2250
400,3850
800,50
800,1650
800,2450
800,3250
1200,250
1200,1050
1200,2250
1200,3050
1200,3850
1600,50
1600,1250
1600,3650
2000,250
2000,1050
2000,1850
2000,2650
2000,3450
2400,50
2400,1250
2400,2050
2400,3650
2800,250
2800,1450
2800,2250
2800,3050
2800,3850
3200,450
3200,2050
3200,3250
3200,3650
3600,250
3600,1050
3600,1450
3600,1850
3600,2250
3600,2650
3600,3450
3600,3850
Wind Farm 67	 AEP = 511.0403228759766
50,50
50,450
50,850
50,1650
50,2050
50,2450
50,3250
50,3650
400,650
400,1450
400,2250
400,3450
800,50
800,2450
800,3250
1200,250
1200,1050
1200,2250
1200,3050
1200,3850
1600,50
1600,1250
1600,2050
1600,3650
2000,250
2000,1850
2000,2650
2000,3450
2400,50
2400,1250
2400,2050
2400,3650
2800,250
2800,650
2800,2250
2800,3850
3200,50
3200,450
3200,1250
3200,2050
3200,3250
3200,3650
3600,250
3600,1050
3600,1450
3600,1850
3600,2250
3600,2650
3600,3450
3600,3850
Wind Farm 68	 AEP = 511.0393537902832
50,50
50,450
50,850
50,1650
50,2050
50,2450
50,3250
400,650
400,2250
400,3450
400,3850
800,50
800,450
800,1650
800,2450
800,3250
1200,250
1200,1050
1200,3050
1200,3850
1600,50
1600,1250
1600,2050
1600,3650
2000,250
2000,1050
2000,1850
2000,2650
2000,3450
2000,3850
2400,2050
2400,3250
2800,250
2800,650
2800,1450
2800,2250
2800,3050
2800,3850
3200,450
3200,1250
3200,2050
3200,3250
3200,3650
3600,250
3600,1050
3600,1850
3600,2250
3600,2650
3600,3450
3600,3850
Wind Farm 69	 AEP = 511.0389862060547
50,50
50,450
50,850
50,1650
50,2450
50,3250
50,3650
400,650
400,1450
400,2250
400,3850
800,50
800,450
800,1650
800,2450
800,3250
1200,250
1200,1050
1200,2250
1200,3050
1200,3850
1600,50
1600,1250
1600,2050
1600,3650
2000,250
2000,1050
2000,2650
2000,3450
2000,3850
2400,50
2400,1250
2400,2050
2400,3250
2400,3650
2800,250
2800,650
2800,2250
2800,3050
2800,3850
3200,450
3200,1250
3200,2050
3200,3250
3600,250
3600,1050
3600,1850
3600,2250
3600,2650
3600,3850
Wind Farm 70	 AEP = 511.0317681884766
50,50
50,850
50,1650
50,2050
50,2450
50,2850
50,3650
400,250
400,650
400,2250
400,3450
400,3850
800,50
800,450
800,850
800,1650
800,2450
1200,250
1200,2250
1200,3850
1600,50
1600,1250
1600,2850
1600,3650
2000,250
2000,1050
2000,1850
2000,2650
2000,3450
2000,3850
2400,50
2400,1650
2800,250
2800,650
2800,2250
2800,3050
2800,3850
3200,450
3200,1250
3200,2050
3200,2450
3200,3250
3200,3650
3600,250
3600,1050
3600,1450
3600,1850
3600,2650
3600,3450
3600,3850
Wind Farm 71	 AEP = 511.02795867919923
50,50
50,450
50,850
50,1650
50,2050
50,2450
50,2850
50,3250
50,3650
400,1450
400,2250
400,3850
800,50
800,450
800,850
800,1650
800,2050
800,2450
1200,250
1200,3050
1200,3850
1600,50
1600,1250
1600,3650
2000,250
2000,1050
2000,1850
2000,2650
2000,3450
2000,3850
2400,50
2400,3250
2800,250
2800,650
2800,1450
2800,2250
2800,3050
2800,3850
3200,450
3200,1250
3200,2450
3200,3250
3600,250
3600,1050
3600,1450
3600,1850
3600,2250
3600,2650
3600,3450
3600,3850
Wind Farm 72	 AEP = 511.02732376098635
50,50
50,850
50,1650
50,3250
50,3650
400,650
400,1450
400,2250
400,3450
400,3850
800,50
800,450
800,1650
800,2450
800,3250
1200,250
1200,2250
1200,3050
1200,3850
1600,50
1600,1250
1600,2050
1600,3650
2000,250
2000,1050
2000,1850
2000,2650
2000,3450
2000,3850
2400,50
2400,1250
2400,2050
2400,3250
2800,250
2800,650
2800,1450
2800,2250
2800,3050
2800,3850
3200,450
3200,1250
3200,3250
3200,3650
3600,250
3600,1050
3600,1450
3600,2250
3600,2650
3600,3450
3600,3850
Wind Farm 73	 AEP = 511.02147583007815
50,50
50,450
50,850
50,1650
50,2050
50,2450
50,2850
50,3250
50,3650
400,650
400,1450
400,2250
400,3850
800,50
800,450
800,1650
800,2050
800,3250
1200,250
1200,3050
1200,3850
1600,50
1600,1250
1600,2050
1600,3650
2000,250
2000,1050
2000,2650
2000,3850
2400,50
2400,1250
2400,2050
2400,3250
2800,250
2800,650
2800,1450
2800,2250
2800,3050
2800,3850
3200,1250
3200,2450
3200,3250
3200,3650
3600,250
3600,1050
3600,1450
3600,1850
3600,2650
3600,3450
3600,3850
Wind Farm 74	 AEP = 511.0073405456543
50,50
50,450
50,850
50,1650
50,2450
50,2850
50,3250
50,3650
400,650
400,2250
400,3450
400,3850
800,450
800,1650
800,2450
800,3250
1200,250
1200,1050
1200,2250
1200,3050
1200,3850
1600,50
1600,1250
1600,2050
1600,3650
2000,1050
2000,1850
2000,2650
2000,3450
2000,3850
2400,50
2400,1250
2400,2050
2400,3250
2400,3650
2800,650
2800,2250
2800,3050
2800,3850
3200,50
3200,450
3200,2050
3200,3250
3600,250
3600,1050
3600,1450
3600,2250
3600,2650
3600,3450
3600,3850
Wind Farm 75	 AEP = 510.99280426025393
50,50
50,450
50,850
50,1650
50,2050
50,2850
50,3250
400,650
400,1450
400,2250
400,3450
400,3850
800,50
800,450
800,1650
800,2450
1200,250
1200,1050
1200,2250
1200,3050
1200,3850
1600,50
1600,1250
1600,2050
1600,3650
2000,250
2000,1850
2000,2650
2000,3450
2000,3850
2400,50
2400,1250
2400,2050
2400,3250
2800,250
2800,650
2800,1450
2800,3050
2800,3850
3200,450
3200,1250
3200,2050
3200,3250
3600,250
3600,1050
3600,1850
3600,2250
3600,2650
3600,3450
3600,3850
Wind Farm 76	 AEP = 510.9799053955078
50,50
50,850
50,1650
50,2450
50,2850
50,3250
50,3650
400,650
400,1450
400,2250
400,3850
800,50
800,450
800,1650
800,2450
800,3250
1200,250
1200,1050
1200,3050
1200,3850
1600,50
1600,1250
1600,2050
2000,650
2000,1050
2000,1850
2000,2650
2000,3450
2000,3850
2400,1250
2400,2050
2400,3250
2400,3650
2800,250
2800,1450
2800,2250
2800,3050
2800,3850
3200,50
3200,450
3200,1250
3200,3650
3600,250
3600,1050
3600,1450
3600,1850
3600,2250
3600,2650
3600,3450
3600,3850
Wind Farm 77	 AEP = 510.9762629699707
50,50
50,450
50,850
50,1650
50,2450
50,3250
50,3650
400,650
400,1450
400,2250
400,3450
400,3850
800,450
800,1650
800,2050
800,3250
1200,250
1200,2250
1200,3050
1200,3850
1600,50
1600,1250
1600,3650
2000,1050
2000,1850
2000,2650
2000,3450
2000,3850
2400,50
2400,1250
2400,2050
2400,3250
2800,250
2800,650
2800,1450
2800,2250
2800,3050
2800,3850
3200,450
3200,1250
3200,2050
3200,2450
3200,3650
3600,250
3600,1050
3600,1450
3600,1850
3600,2650
3600,3450
3600,3850
Wind Farm 78	 AEP = 510.97429138183594
50,50
50,850
50,1650
50,2050
50,2450
50,2850
50,3250
50,3650
400,1450
400,2250
400,3450
800,50
800,450
800,1650
800,2050
800,2450
1200,250
1200,2250
1200,3050
1200,3850
1600,50
1600,1250
1600,2050
1600,3650
2000,250
2000,1050
2000,1850
2000,2650
2000,3450
2000,3850
2400,50
2400,3250
2400,3650
2800,250
2800,1450
2800,2250
2800,3050
2800,3850
3200,50
3200,450
3200,1250
3200,2050
3200,3650
3600,250
3600,1050
3600,1850
3600,2650
3600,3050
3600,3450
3600,3850
Wind Farm 79	 AEP = 510.9689781188965
50,50
50,450
50,850
50,1650
50,2050
50,2450
50,2850
50,3250
50,3650
400,1450
400,2250
400,3450
400,3850
800,50
800,450
800,1650
800,2450
800,3250
1200,250
1200,1050
1200,2250
1200,3050
1200,3850
1600,50
1600,2050
1600,3650
2000,250
2000,1050
2000,1850
2000,2650
2000,3850
2400,50
2400,1250
2400,2050
2400,3250
2800,250
2800,1450
2800,2250
2800,3050
2800,3850
3200,50
3200,450
3200,1250
3200,2050
3200,2450
3200,3250
3600,250
3600,1850
3600,2650
3600,3850
Wind Farm 80	 AEP = 510.965803527832
50,450
50,850
50,1650
50,2050
50,2450
50,3250
50,3650
400,250
400,650
400,1450
400,3450
400,3850
800,50
800,850
800,1650
800,2450
800,3250
1200,250
1200,2250
1200,3050
1200,3850
1600,50
1600,1250
1600,2050
2000,250
2000,1050
2000,1850
2000,3450
2000,3850
2400,50
2400,1250
2400,2050
2400,3250
2800,250
2800,650
2800,1450
2800,2250
2800,3050
2800,3850
3200,50
3200,1250
3200,2050
3200,2450
3200,3250
3200,3650
3600,250
3600,1050
3600,1850
3600,2650
3600,3850
Wind Farm 81	 AEP = 510.96573669433593
50,50
50,850
50,1650
50,2450
50,2850
50,3250
50,3650
400,1450
400,2250
400,3450
400,3850
800,50
800,450
800,1650
800,2450
800,3250
1200,250
1200,2250
1200,3050
1200,3850
1600,50
1600,1250
1600,2050
2000,250
2000,1050
2000,1850
2000,2650
2000,3450
2000,3850
2400,50
2400,1250
2400,2050
2400,3650
2800,1450
2800,2250
2800,3050
2800,3850
3200,50
3200,450
3200,1250
3200,2050
3200,3250
3600,250
3600,1050
3600,1450
3600,2250
3600,2650
3600,3050
3600,3450
3600,3850
Wind Farm 82	 AEP = 510.96159301757814
50,50
50,450
50,850
50,1650
50,2050
50,2450
50,2850
50,3250
50,3650
400,1450
400,2250
400,3850
800,50
800,450
800,1650
800,2050
800,2450
800,3250
1200,1050
1200,3050
1200,3850
1600,50
1600,1250
1600,2050
1600,3650
2000,250
2000,1050
2000,1850
2000,3450
2000,3850
2400,50
2400,1250
2400,3250
2800,250
2800,1450
2800,2250
2800,3850
3200,50
3200,450
3200,1250
3200,3250
3200,3650
3600,250
3600,1050
3600,1450
3600,1850
3600,2250
3600,2650
3600,3450
3600,3850
Wind Farm 83	 AEP = 510.9543081665039
50,50
50,850
50,2050
50,2450
50,3250
50,3650
400,650
400,1450
400,3450
400,3850
800,50
800,450
800,1650
800,2450
800,3250
1200,250
1200,2250
1200,3050
1200,3850
1600,50
1600,1250
1600,2050
1600,3650
2000,250
2000,1050
2000,1850
2000,2650
2000,3450
2000,3850
2400,50
2400,1250
2400,2050
2400,3250
2800,250
2800,650
2800,1450
2800,2250
2800,3050
3200,50
3200,450
3200,1250
3200,2050
3200,3250
3600,250
3600,1050
3600,1850
3600,2250
3600,2650
3600,3450
3600,3850
Wind Farm 84	 AEP = 510.9512338256836
50,50
50,450
50,850
50,1650
50,2850
50,3250
50,3650
400,650
400,1450
400,2250
400,3450
800,50
800,850
800,1650
800,2450
800,3250
1200,250
1200,1050
1200,3050
1200,3850
1600,50
1600,1250
1600,3650
2000,250
2000,1050
2000,1850
2000,3450
2000,3850
2400,50
2400,2050
2400,3250
2800,250
2800,650
2800,1450
2800,2250
2800,3050
2800,3850
3200,50
3200,450
3200,1250
3200,2450
3200,3250
3200,3650
3600,250
3600,1050
3600,1450
3600,2250
3600,2650
3600,3450
3600,3850
Wind Farm 85	 AEP = 510.95049865722655
50,50
50,450
50,850
50,1650
50,2050
50,2450
50,3250
50,3650
400,650
400,1450
400,2250
400,3450
400,3850
800,50
800,450
800,850
800,1650
800,2450
800,3250
1200,250
1200,1050
1200,2250
1200,3850
1600,50
1600,1250
1600,3650
2000,250
2000,1850
2000,2650
2000,3450
2000,3850
2400,50
2400,1250
2400,3250
2800,650
2800,1450
2800,2250
2800,3050
2800,3850
3200,1250
3200,2050
3200,2450
3200,3650
3600,250
3600,1050
3600,1450
3600,1850
3600,2650
3600,3450
3600,3850
Wind Farm 86	 AEP = 510.9466223144531
50,50
50,450
50,850
50,1650
50,2050
50,2450
50,3250
50,3650
400,650
400,1450
400,3450
800,50
800,450
800,2450
800,3250
1200,250
1200,2250
1200,3050
1200,3850
1600,50
1600,1250
1600,2050
1600,3650
2000,250
2000,1050
2000,3450
2000,3850
2400,50
2400,1250
2400,2050
2400,3250
2400,3650
2800,650
2800,1450
2800,3050
2800,3850
3200,50
3200,450
3200,1250
3200,2050
3200,3250
3200,3650
3600,250
3600,1050
3600,1450
3600,1850
3600,2250
3600,2650
3600,3450
3600,3850
Wind Farm 87	 AEP = 510.94087463378906
50,50
50,450
50,850
50,1650
50,2050
50,2450
50,3250
50,3650
400,650
400,1450
400,2250
400,3450
400,3850
800,50
800,450
800,2450
800,3250
1200,250
1200,2250
1200,3050
1200,3850
1600,50
1600,1250
1600,2050
1600,3650
2000,250
2000,1050
2000,2650
2000,3450
2000,3850
2400,50
2400,1250
2400,2050
2400,3250
2800,250
2800,650
2800,1450
2800,2250
2800,3050
2800,3850
3200,450
3200,1250
3200,2050
3200,3250
3600,250
3600,1050
3600,1450
3600,1850
3600,2650
3600,3450
Wind Farm 88	 AEP = 510.9324201965332
50,50
50,450
50,850
50,1650
50,2450
50,3650
400,650
400,1450
400,2250
400,3450
400,3850
800,50
800,450
800,1650
800,2050
800,2450
800,3250
1200,250
1200,1050
1200,2250
1200,3050
1200,3850
1600,50
1600,1250
1600,2050
1600,3650
2000,250
2000,1850
2000,2650
2000,3450
2000,3850
2400,50
2400,1250
2400,3250
2800,250
2800,650
2800,1450
2800,2250
2800,3050
2800,3850
3200,450
3200,2050
3200,2450
3200,3650
3600,250
3600,1450
3600,1850
3600,2650
3600,3450
3600,3850
Wind Farm 89	 AEP = 510.93211944580077
50,50
50,450
50,850
50,1650
50,2450
50,2850
50,3250
50,3650
400,650
400,1450
400,2250
400,3850
800,50
800,450
800,2050
1200,250
1200,1050
1200,2250
1200,3050
1200,3850
1600,50
1600,1250
1600,2050
1600,3650
2000,250
2000,1050
2000,1850
2000,3850
2400,50
2400,1250
2400,2050
2400,3250
2800,250
2800,2250
2800,3050
2800,3850
3200,50
3200,450
3200,1250
3200,2050
3200,2450
3200,3250
3200,3650
3600,250
3600,1050
3600,1850
3600,2650
3600,3050
3600,3450
3600,3850
Wind Farm 90	 AEP = 510.92957977294924
50,50
50,450
50,850
50,1650
50,2050
50,2850
50,3250
50,3650
400,650
400,1450
400,2250
400,3450
800,50
800,450
800,1650
800,2050
800,2450
800,3250
1200,250
1200,1050
1200,2250
1200,3050
1200,3850
1600,50
1600,1250
1600,2050
1600,3650
2000,250
2000,2650
2000,3450
2000,3850
2400,50
2400,2050
2400,3250
2800,250
2800,650
2800,1450
2800,2250
2800,3050
2800,3850
3200,50
3200,1250
3200,3250
3600,250
3600,1050
3600,1450
3600,1850
3600,2650
3600,3450
3600,3850
Wind Farm 91	 AEP = 510.92704010009766
50,50
50,450
50,850
50,1650
50,2050
50,2450
50,2850
50,3250
50,3650
400,650
400,1450
400,3450
400,3850
800,50
800,850
800,1650
800,2050
800,2450
800,3250
1200,1050
1200,3050
1200,3850
1600,50
1600,1250
1600,2050
1600,3650
2000,250
2000,1850
2000,2650
2000,3450
2000,3850
2400,50
2400,2050
2400,3250
2400,3650
2800,650
2800,1450
2800,2250
2800,3050
3200,450
3200,1250
3200,2050
3200,2450
3200,3650
3600,250
3600,1050
3600,1850
3600,2650
3600,3450
3600,3850
Wind Farm 92	 AEP = 510.9257702636719
50,50
50,850
50,1650
50,2050
50,2450
50,2850
50,3650
400,650
400,1450
400,2250
400,3450
400,3850
800,50
800,450
800,1650
800,2450
800,3250
1200,1050
1200,3050
1200,3850
1600,50
1600,1250
1600,2050
2000,250
2000,1050
2000,1850
2000,2650
2000,3450
2000,3850
2400,50
2400,3250
2400,3650
2800,250
2800,650
2800,1450
2800,3050
2800,3850
3200,50
3200,450
3200,1250
3200,2050
3200,3250
3200,3650
3600,250
3600,1450
3600,1850
3600,2250
3600,2650
3600,3450
3600,3850
Wind Farm 93	 AEP = 510.92182708740233
50,50
50,450
50,850
50,1250
50,2450
50,2850
50,3250
50,3650
400,250
400,1450
400,2250
400,3450
400,3850
800,50
800,850
800,2050
800,2450
800,3250
1200,250
1200,1050
1200,3050
1200,3850
1600,50
1600,1250
1600,2050
1600,3250
1600,3650
2000,1850
2000,2650
2000,3850
2400,50
2400,450
2400,2450
2400,3650
2800,250
2800,1450
2800,2250
2800,3850
3200,50
3200,450
3200,1250
3200,3650
3600,250
3600,1050
3600,1450
3600,1850
3600,2250
3600,3050
3600,3450
3600,3850
Wind Farm 94	 AEP = 510.9213592529297
50,50
50,450
50,850
50,1650
50,2050
50,2850
50,3250
50,3650
400,650
400,1450
400,2250
400,3450
400,3850
800,50
800,1650
800,2450
800,3250
1200,250
1200,1050
1200,3050
1200,3850
1600,1250
1600,2050
1600,3650
2000,250
2000,1050
2000,1850
2000,2650
2000,3450
2000,3850
2400,50
2400,1250
2400,3250
2800,250
2800,650
2800,1450
2800,3050
2800,3850
3200,50
3200,450
3200,1250
3200,3250
3200,3650
3600,250
3600,1450
3600,1850
3600,2250
3600,2650
3600,3450
3600,3850
Wind Farm 95	 AEP = 510.9212924194336
50,50
50,850
50,1650
50,2050
50,2450
50,3250
50,3650
400,650
400,2250
400,3450
400,3850
800,50
800,450
800,1650
800,2050
800,2450
800,3250
1200,250
1200,2250
1200,3050
1200,3850
1600,50
1600,1250
1600,2050
1600,3650
2000,250
2000,1050
2000,1850
2000,2650
2000,3450
2000,3850
2400,50
2400,1250
2400,2050
2800,250
2800,650
2800,1450
2800,2250
2800,3050
2800,3850
3200,450
3200,2050
3200,3650
3600,250
3600,1050
3600,1450
3600,2250
3600,2650
3600,3450
3600,3850
Wind Farm 96	 AEP = 510.91648040771486
50,50
50,450
50,850
50,1650
50,2050
50,2450
50,2850
50,3250
50,3650
400,650
400,2250
400,3850
800,50
800,450
800,1650
800,2450
800,3250
1200,250
1200,1050
1200,2250
1200,3050
1200,3850
1600,50
1600,1250
1600,2050
2000,1050
2000,1850
2000,2650
2000,3450
2000,3850
2400,50
2400,1250
2400,2050
2400,3250
2800,250
2800,650
2800,1450
2800,3050
2800,3850
3200,50
3200,450
3200,1250
3200,2450
3200,3250
3200,3650
3600,250
3600,1050
3600,2250
3600,3450
3600,3850
Wind Farm 97	 AEP = 510.9127377319336
50,50
50,850
50,1650
50,2050
50,2450
50,2850
50,3650
400,650
400,1450
400,3450
400,3850
800,50
800,450
800,1650
800,2050
800,2450
800,3250
1200,250
1200,1050
1200,2250
1200,3050
1200,3850
1600,50
1600,1250
1600,2050
1600,3650
2000,1050
2000,1850
2000,2650
2000,3450
2000,3850
2400,1250
2400,2050
2400,3250
2800,250
2800,1450
2800,2250
2800,3050
2800,3850
3200,50
3200,450
3200,1250
3200,2050
3200,3650
3600,250
3600,1450
3600,2250
3600,2650
3600,3450
3600,3850
Wind Farm 98	 AEP = 510.9121362304688
50,50
50,450
50,850
50,1650
50,2050
50,2450
50,2850
50,3650
400,650
400,1450
400,2250
400,3850
800,50
800,450
800,2050
800,2450
800,3250
1200,250
1200,1050
1200,3850
1600,50
1600,1250
1600,2050
1600,3650
2000,250
2000,1050
2000,1850
2000,2650
2000,3450
2000,3850
2400,50
2400,2050
2400,3250
2400,3650
2800,250
2800,650
2800,2250
2800,3850
3200,50
3200,1250
3200,2450
3200,3250
3200,3650
3600,250
3600,1050
3600,1450
3600,2250
3600,2650
3600,3450
3600,3850
Wind Farm 99	 AEP = 510.9118020629883
50,50
50,450
50,850
50,1650
50,2450
50,2850
50,3250
50,3650
400,650
400,1450
400,2250
400,3450
400,3850
800,50
800,450
800,850
800,2050
800,2450
1200,250
1200,1050
1200,3050
1200,3850
1600,50
1600,2050
1600,3650
2000,250
2000,1050
2000,1850
2000,2650
2000,3450
2400,50
2400,2050
2400,3650
2800,250
2800,1450
2800,2250
2800,3850
3200,50
3200,450
3200,1250
3200,2050
3200,2450
3200,3250
3200,3650
3600,250
3600,1050
3600,1450
3600,2650
3600,3450
3600,3850
Wind Farm 100	 AEP = 510.9117352294922
50,50
50,450
50,850
50,1650
50,2050
50,2450
50,2850
50,3650
400,650
400,1450
400,2250
400,3450
400,3850
800,50
800,1650
800,2050
800,2450
800,3250
1200,250
1200,2250
1200,3050
1200,3850
1600,50
1600,1250
1600,2050
1600,3650
2000,250
2000,1050
2000,1850
2000,2650
2000,3850
2400,50
2400,2050
2400,3250
2800,650
2800,2250
2800,3850
3200,50
3200,450
3200,1250
3200,2050
3200,2450
3200,3250
3200,3650
3600,250
3600,1050
3600,1450
3600,1850
3600,3450
3600,3850
END
